0.01955297659
0.01289285072
0.01026042559
0.008768099919
0.007778590055
0.0070617369
0.006511915027
0.006073051079
0.0057122858
0.005408931381
0.005149232543
0.004725299207
0.004391293568
0.004119360896
0.003892395123
0.003699235186
0.003456813048
0.003256566289
0.00303678932
0.002856272471
0.002704573144
0.002545136568
0.002386617257
0.002234567904
0.002092065106
0.001973857879
0.00185104457
0.001739461389
0.001638304064
0.00153388658
0.001442207868
0.001356777027
0.001274449402
0.001199985755
0.001127882933
0.00105998814
0.0009988787776
0.0009413608921
0.0008883042779
0.0008391826756
0.0007938188788
0.0007522286656
0.0007149743061
0.0006815429154
0.0006521151451
0.0006266258579
0.0006051859951
0.0005881818161
0.0005754375475
0.0005671300358
0.0005633434109
0.0005641311517
0.0005695372635
0.0005795307822
0.0005940755855
0.0006131623196
0.0006366985412
0.0006647798929
0.0006972464133
0.0007342009803
0.0007757235587
0.000821868896
0.0008729495593
0.000929127511
0.0009907491544
0.001058170903
0.001131906971
0.001212469976
0.001300602919
0.001396948672
0.001502495339
0.001618293348
0.00174546289
0.001885467805
0.002039904711
0.002210545615
0.002399552658
0.002609324125
0.002842634355
0.003102695077
0.0033930516
0.003717879225
0.004081940429
0.004490581795
0.004949922437
0.00546697344
0.006049601276
0.006706865604
0.007448981395
0.008287499813
0.009235670691
