608.6437952
424.9357422
345.465462
298.5334002
266.667906
243.2211618
225.0386712
210.405932
198.3004294
188.0695464
179.2745859
164.8482902
153.424293
144.0875693
136.2712601
129.6029883
121.213881
114.2679818
106.6283877
100.3412336
95.04944661
89.47973677
83.93398168
78.60692685
73.6073037
69.45458728
65.13426882
61.20320582
57.63384073
53.94263743
50.69461499
47.66020742
44.72677638
42.06316348
39.47131415
37.01515042
34.78663638
32.667668
30.68731195
28.82273151
27.06283949
25.40284913
23.86005276
22.40745044
21.04533153
19.76187308
18.55152194
17.42681922
16.36651648
15.37096222
14.43557357
13.56133998
12.7360685
11.96393572
11.24018555
10.56045138
9.923808224
9.324869374
8.764836291
8.239958411
7.748265412
7.288648335
6.858167688
6.456122585
6.08088692
5.731409729
5.406370968
5.105033833
4.82631828
4.569980672
4.335257486
4.12182925
3.929664202
3.758609753
3.608799643
3.480519269
3.374033629
3.289716671
3.227926299
3.18897313
3.173095678
3.180394195
3.210849093
3.264311058
3.340528995
3.439200631
3.559992069
3.702626567
3.866892459
4.052681448
4.260056038
