343.9011764
214.0135639
166.0503381
139.8905044
122.9752622
110.9359314
101.82251
94.62182982
88.75029896
83.84563948
79.66979367
72.89722716
67.59834213
63.30724223
59.74087308
56.71613598
52.93299705
49.81846086
46.41045992
43.61888076
41.27796759
38.82231165
36.38519536
34.05134063
31.86703394
30.05704996
28.17803259
26.47177736
24.92531882
23.32884958
21.92639379
20.61817283
19.35536785
18.21038285
17.09785423
16.04513703
15.09143
14.18600568
13.34119014
12.54714262
11.79907836
11.09491556
10.44191789
9.828587467
9.255002191
8.716144686
8.209662022
7.740746032
7.300478566
6.888972561
6.504289878
6.146775509
5.811390294
5.499776562
5.209928135
4.940013667
4.689570867
4.456381168
4.240795763
4.041227696
3.856780107
3.686868098
3.530225514
3.386407533
3.254625614
3.134295483
3.024744136
2.925508089
2.836030339
2.756055283
2.685207822
2.623322326
2.570409043
2.526571066
2.492159858
2.46777646
2.454288078
2.452911909
2.465246233
2.493322272
2.539617188
2.607096628
2.699211235
2.819853254
2.973348423
3.164443044
3.398239867
3.680296731
4.016614527
4.413733259
4.878946471
