0.008654734702
0.01059944472
0.01091995529
0.009633953914
0.008426134752
0.00767064017
0.007177656171
0.006817505093
0.006510531772
0.00612837957
0.005706370515
0.005097265739
0.004736421398
0.004441108908
0.004177444294
0.004031489541
0.003823246931
0.003596534889
0.003300170086
0.003110221585
0.002963541059
0.002809340033
0.00261948795
0.002473598096
0.002310997445
0.002192237403
0.002060476387
0.001950649926
0.001840006115
0.001731675649
0.001634392233
0.001544778819
0.001457587154
0.001379196936
0.00130501258
0.0012341677
0.001169205843
0.001109171883
0.001055069405
0.001004925336
0.000958077808
0.0009155745811
0.0008763540125
0.0008397620996
0.000805213121
0.0007727711103
0.0007418930373
0.0007134294591
0.0006861869681
0.0006639071536
0.0006479661335
0.0006357044955
0.0006276614128
0.000624954626
0.0006278401272
0.0006313238046
0.0006369849801
0.0006451953212
0.0006557353982
0.000665381294
0.000671888084
0.0006769206262
0.0006814965367
0.0006861871756
0.000691886751
0.000698761391
0.0007090814473
0.0007223605628
0.0007361517678
0.0007526704093
0.0007768916943
0.0008049954986
0.0008376817664
0.0008765225022
0.0009283491433
0.0009862276759
0.00105243115
0.001121069282
0.001181251493
0.001221373557
0.001224021973
0.001163818611
0.001078474913
0.001008327682
0.0009194328429
0.0008176518752
0.000752822273
0.0007193109113
0.0006878776929
0.0006776824474
0.0007191485718
