333.3985648
255.6959122
233.7750594
227.3767426
227.2222199
227.8597886
227.6960849
226.2797809
223.5007391
220.1506548
216.4850418
208.7830321
202.0097562
196.7019976
192.7124695
189.6483344
186.5484128
184.0699641
180.6852289
176.8072972
172.5154576
167.0395775
160.678402
153.7470244
146.5846003
140.0782695
132.9598843
126.2691306
119.9985279
113.2567339
107.2872162
101.6891198
96.11771318
90.90566271
85.86589111
81.06616146
76.71076614
72.4801887
68.48518933
64.53078701
60.63995152
56.81414687
53.12486046
49.59899112
46.38488697
43.48438345
40.851971
38.4023062
36.22717496
34.20450202
31.42008987
28.3642749
25.72722301
23.41859033
21.21589483
19.32469461
17.7691748
16.2920008
15.0407297
13.76076998
12.59062436
11.55696762
10.60394981
9.759359856
9.053427212
8.46711436
8.009566337
7.568231116
7.169620193
6.849527126
6.652805567
6.470086787
6.405806704
6.46671067
6.639700603
6.868097729
7.161348654
7.539014588
7.931561515
8.31499756
8.700456625
9.072953463
9.421675111
9.751225104
10.14276717
10.64262442
11.72710629
13.07294164
14.50384077
16.03105297
17.88472118
