0.006788081073
0.008313625444
0.008968960995
0.008762303144
0.008360808375
0.007940868265
0.007552433945
0.007209163996
0.00690736552
0.00663385553
0.006381881826
0.005932589511
0.005534661503
0.005183551274
0.004896574678
0.0046668421
0.004399252772
0.004181081176
0.003956826522
0.003784498567
0.003632776739
0.00346756864
0.003312500954
0.003188327975
0.003089067757
0.003011215613
0.002951041456
0.002915550207
0.002889317927
0.002885995531
0.002899326992
0.002932949668
0.002986227605
0.003057956385
0.003154293801
0.003271870355
0.003403335231
0.00355433034
0.003723076024
0.003909648016
0.00411719298
0.004346746618
0.004595535343
0.004866908916
0.005159956147
0.00547638779
0.005818997591
0.006184361927
0.006577808459
0.00700017614
0.007448176709
0.007864074824
0.008184298085
0.008364692902
0.008370651792
0.008169631299
0.007958739786
0.007886577986
0.007943246371
0.008110975399
0.008376535152
0.008727196997
0.009167400736
0.009688005709
0.01028349215
0.01095326622
0.01170069652
0.01252426917
0.01342455754
0.01440924528
0.01548229921
0.01664858738
0.01791292737
0.01929211494
0.02080274618
0.02246616534
0.02431053156
0.02636317835
0.0286510616
0.03121097894
0.03408927717
0.03734588038
0.04106996534
0.04535746753
0.05031644924
0.05620702266
0.06328381466
0.07126288424
0.0802526565
0.09075276766
0.1014633313
