0.008597971843
0.01052959325
0.01098923883
0.00994863809
0.008729190761
0.007716941375
0.006967370079
0.006459209131
0.006125351926
0.005833189878
0.00555791477
0.005132574216
0.00475204997
0.004377074503
0.00404521779
0.003834693769
0.003574699373
0.003377148744
0.003169346618
0.003003043305
0.002839782306
0.002649339074
0.00246848827
0.00231556505
0.002171328818
0.002039724059
0.001920417319
0.001812835881
0.001712219041
0.001612289499
0.001523195318
0.00144015408
0.001357013819
0.001279854054
0.001204630999
0.001131984127
0.001065950208
0.001005078078
0.0009498545512
0.0009015973661
0.0008587473079
0.0008201532356
0.0007834559732
0.0007510190709
0.0007214260755
0.0006931000182
0.0006687958451
0.0006478794434
0.0006294859708
0.0006132937968
0.0006003223411
0.0005900005645
0.0005833845635
0.0005796247834
0.0005795035409
0.0005822978432
0.0005870032953
0.0005925181006
0.0005994626801
0.0006079329037
0.0006174638926
0.0006275481683
0.0006385822704
0.0006520596487
0.0006698329131
0.0006926248391
0.0007201229775
0.0007512873928
0.0007873502591
0.0008277007643
0.0008749913149
0.0009344483455
0.001010872798
0.001103784141
0.00120789124
0.001320614192
0.001441420989
0.001568589947
0.001699489852
0.00183706839
0.001986833911
0.002173055295
0.002389004432
0.002629573909
0.002905863983
0.003212457335
0.003552113542
0.003926280688
0.004353972012
0.00485475966
0.005395419089
