348.2668205
246.2517127
201.0630429
174.1268003
155.745317
142.1770768
131.6321162
123.132263
116.0918595
110.136007
105.0121109
96.59998764
93.08748802
87.07803151
82.1004816
77.88976453
72.63596441
69.67214068
64.69300097
61.58879469
58.07011432
54.41844098
51.37989776
48.80015659
45.76570407
43.2359823
40.80330095
38.50449021
36.16197174
34.20205401
32.25261273
30.37200985
28.59457952
26.93718693
25.40502844
23.99606508
22.60964412
21.32169556
20.10060244
18.93145393
17.8550286
16.84903077
15.88490419
14.97739995
14.13328973
13.33534096
12.58303561
11.87594956
11.20796958
10.58075833
9.990887436
9.436434928
8.918848589
8.429266758
7.970999478
7.540632216
7.136355233
6.758257495
6.404316414
6.072633071
5.762819731
5.473499464
5.203472522
4.952428977
4.71920083
4.502894247
4.302815734
4.11825348
3.948824613
3.793960581
3.653005879
3.52571683
3.411675348
3.310517377
3.222099441
3.146184225
3.082647893
3.031412219
2.99243162
2.965767922
2.951505662
2.94980949
2.960907837
2.98510481
3.022793203
3.074445029
3.140661755
3.222147022
3.319735774
3.43444346
