0.006364610106
0.007795039858
0.009247602698
0.01045002315
0.01098533308
0.0109414995
0.0104627273
0.009816507416
0.009200157831
0.008698653791
0.008309799972
0.007707314092
0.007453950337
0.007035307963
0.006693709316
0.006271387992
0.005616042664
0.005313770475
0.00491991866
0.004729105086
0.004413895083
0.004188287334
0.004023354173
0.003803013011
0.003580897495
0.003356577515
0.00318291513
0.003024386354
0.002829757572
0.00267753251
0.0025311825
0.002378561129
0.002247692038
0.002115913018
0.001998823903
0.001890338666
0.001785726226
0.001687524292
0.001593819884
0.001505099225
0.001429399593
0.001358621363
0.001292551878
0.001234640897
0.00118097069
0.001130823265
0.00108326069
0.001041504397
0.001002095986
0.0009629366841
0.0009269631411
0.0008908540332
0.0008591387724
0.0008365765747
0.0008219289627
0.0008126196515
0.0008080139768
0.0008109054372
0.0008171036169
0.0008214311463
0.000827533424
0.0008356295642
0.0008458831586
0.0008532433482
0.0008566050202
0.0008574041201
0.0008565277005
0.0008532785663
0.0008470043979
0.0008421651615
0.0008386727872
0.000836017921
0.0008309622413
0.0008311519482
0.0008342729944
0.0008372440495
0.000837991925
0.0008364388169
0.0008347375268
0.0008327041864
0.000834335642
0.000853819788
0.0009011799731
0.0009553172232
0.001007849859
0.001046029434
0.0010864875
0.001088172417
0.001125745048
0.001223374747
