0.03013921671
0.02009986918
0.01607054804
0.01376908559
0.01223624395
0.01112252122
0.01026655985
0.009582325055
0.009019231488
0.008545347129
0.008139395063
0.007476259366
0.007200546137
0.00673038649
0.00634240123
0.006015181551
0.0056081547
0.005379145567
0.004995399617
0.004756784456
0.004486904387
0.004207513512
0.003975593946
0.003779115937
0.003548539498
0.003356793858
0.003172855691
0.002999492092
0.002823341648
0.002676409911
0.002530727092
0.002390691997
0.00225886635
0.002136481323
0.002023883284
0.001920873229
0.001820096171
0.001727086246
0.001639541309
0.001556404048
0.001480556045
0.001410379602
0.00134387916
0.001282077449
0.001225403824
0.001172672549
0.001123837103
0.001078848955
0.001037299932
0.0009992721129
0.000964528623
0.0009329283417
0.0009045133609
0.0008787671962
0.0008558401767
0.0008355264545
0.0008177150132
0.0008023798901
0.0007894064233
0.0007787024454
0.0007702354452
0.0007639482687
0.000759803852
0.0007577870563
0.0007578792906
0.0007600814045
0.0007644075918
0.0007708869671
0.0007795491625
0.0007904400211
0.0008036336076
0.000819186531
0.0008371850079
0.0008577349014
0.0008809194968
0.0009068607868
0.0009356772867
0.0009674976912
0.001002481658
0.001040760371
0.001082509264
0.001127896752
0.00117710259
0.001230324774
0.001287776969
0.00134966561
0.001416241766
0.001487748128
0.001564441859
0.001646616226
