131.0808634
155.1727528
166.8765239
166.3243808
161.1463196
154.6254101
147.6905379
140.3565508
132.5643537
124.4602709
116.3103802
101.0914679
94.707288
85.20203575
79.2663873
75.09402214
70.2425702
68.07788694
64.70752288
60.89022689
55.54276396
51.59452724
49.4421229
47.6061465
43.91927911
41.81962431
39.82662027
37.38184721
35.48352004
33.4545856
31.63787329
29.83458032
27.78235972
25.82804566
24.1567015
22.6890831
21.24821425
20.15547836
19.45001213
18.7895864
18.03289527
17.38311792
16.66220698
15.95865145
15.31812016
14.67943486
13.98676532
13.14181625
12.29698336
11.26750872
10.28743599
9.319093973
8.604201219
8.086877731
7.751111636
7.451101192
7.171457141
6.946605142
6.486413735
5.899348478
5.550850174
5.299744902
5.13246733
4.825793499
4.733746194
4.652818228
4.480486577
4.468867893
4.444027055
4.421022235
4.422169877
4.367738321
4.31300594
4.200771917
4.037847208
3.842072328
3.671152522
3.459091689
3.199913828
2.909473813
2.627943141
2.458900004
2.385730947
2.39993509
2.482255174
2.683984324
3.008943707
3.343551899
3.611893743
3.880088195
