1235.525747
749.7372816
574.489025
480.3818955
420.2005443
377.7187123
345.7657845
320.6471287
300.2496117
283.2693746
268.8541072
245.5557049
235.9562784
219.6994457
206.3858948
195.2251219
181.4232831
173.6948285
160.7994423
152.8130204
143.8067513
134.5094765
126.8093702
120.2962203
112.6619566
106.3184641
100.2351538
94.50085382
88.67083381
83.80264838
78.96856425
74.31224936
69.91724449
65.82372004
62.0431113
58.5692013
55.15307601
51.9812314
48.97519379
46.09778968
43.44895627
40.97347104
38.60077538
36.36691824
34.28837447
32.32254941
30.46801446
28.72360199
27.07412087
25.52358321
24.06344322
22.68887947
21.40345016
20.18510057
19.04201308
17.96564605
16.95143248
15.99957201
15.10496468
14.26278697
13.4720357
12.72919085
12.03116041
11.37715036
10.76414597
10.18982816
9.652402169
9.150026719
8.681775059
8.246252909
7.84184442
7.468162941
7.124414858
6.810062922
6.525402669
6.270636801
6.046570503
5.854453507
5.695965762
5.573554706
5.490117224
5.449225113
5.455010123
5.512119055
5.625656566
5.801039815
6.044066096
6.360772542
6.75753045
7.241302424
