538.2728455
410.7319321
342.7206693
299.9818155
269.0050997
245.880219
228.1629476
214.341886
203.2353042
193.5409875
184.8074666
170.9191871
159.2442374
149.2954782
141.1463575
134.4063176
126.1601061
119.0176899
111.8189943
105.7046153
100.2261499
94.56961105
88.93456627
82.98769032
77.17745071
69.62357437
62.14478055
55.83105759
50.62236835
45.16572177
43.53330961
44.51487252
44.70451262
44.20808662
44.64174732
44.12201064
44.65127306
44.50768918
44.61541119
42.65090259
39.96134342
35.87900227
30.39205922
24.11028587
18.84221872
15.67493555
14.75199725
13.59755134
14.38265284
15.69645523
13.49962926
10.08549129
9.380388923
10.76896471
9.226981799
8.215212851
8.948756594
7.233807432
7.765943673
6.52277446
6.161875669
6.152585939
5.742804498
5.424065733
5.118100062
4.720947011
4.657611615
4.498739144
4.444177687
4.352386542
4.296652003
4.085745874
3.85810381
3.568544214
3.335527284
3.21204513
3.174344683
3.206026866
3.271077601
3.379391838
3.374456219
3.301455302
3.168138146
3.110226303
3.280327354
3.435472328
3.477951431
3.454954068
3.654550712
3.843173408
3.949197715
