0.002505107614
0.005010215228
0.007515322842
0.01002043046
0.01252553807
0.01503064568
0.0175357533
0.02004086091
0.02254596853
0.02505107614
0.02755618375
0.03256639898
0.0350715066
0.04008172182
0.04509193705
0.05010215228
0.05761747512
0.06262769035
0.07264812081
0.08016344365
0.09018387411
0.1027094122
0.1152349502
0.1277604883
0.1452962416
0.1628319949
0.1828728558
0.2054188244
0.2329750081
0.2605311919
0.2930975908
0.3306742051
0.3732610345
0.4208580792
0.4734653391
0.5310828142
0.5987207198
0.6738739482
0.7590476071
0.856746804
0.9644664314
1.084711597
1.222492516
1.377809188
1.550661613
1.746060007
1.966509477
2.214515131
2.495087184
2.810730743
3.166456024
3.567273242
4.015687505
4.524224351
5.095388887
5.739201544
6.465682752
7.282347834
8.201722328
9.238836881
10.40621703
11.72139853
13.20442223
14.8728239
16.75165462
18.86847055
21.253333
23.94131347
26.96748347
30.37442982
34.21475979
38.53857553
43.40850474
48.89719552
55.077296
62.03899006
69.87997689
78.71048123
88.66076868
99.86611503
112.4893523
126.7083431
142.7234961
160.762776
181.084209
203.9708722
229.7534397
258.7951523
291.5043424
328.3494652
