0.005030385465
0.01006077093
0.01509115639
0.02012154186
0.02515192732
0.03018231279
0.03521269825
0.04024308372
0.04527346918
0.05030385465
0.05533424011
0.06539501104
0.07545578197
0.0855165529
0.09557732383
0.1056380948
0.1207292512
0.1358204075
0.1559419494
0.1760634913
0.1961850331
0.2213369604
0.2515192732
0.2867319715
0.3269750552
0.3672181389
0.4175219936
0.4728562337
0.5332208593
0.6086766412
0.6891628087
0.779709747
0.8853478418
1.001046707
1.136867115
1.292809064
1.46384217
1.660027203
1.881364164
2.132883437
2.419615408
2.746590464
3.113808603
3.531330596
4.00418683
4.542438075
5.156145101
5.84530791
6.630048042
7.52042627
8.531533748
9.673431248
10.97630108
12.45020402
14.120292
16.01674732
18.16472191
20.60948925
23.37620125
26.51516178
30.07667469
34.11104384
38.69372499
43.89011318
49.78572494
56.47110723
64.05692851
72.65888765
82.42286584
93.48971386
106.045556
120.2916076
136.4441753
154.7698696
175.5604527
199.1378694
225.8844289
256.2226836
290.6355506
329.6763722
373.9538251
424.1771935
481.1513393
545.7767014
619.0794784
702.2317501
796.5464472
903.5326852
1024.890735
1162.542202
1318.690398
