306.5984253
213.7243281
170.562399
144.1998782
127.2690782
115.8092256
106.9336755
99.57361277
93.60917492
88.62268719
84.40865066
77.38661037
72.05593025
67.77460148
64.14697218
61.11828298
57.22928591
53.81742122
50.15214402
47.21908016
44.70237299
42.01643069
39.3281722
36.70327004
34.09393122
31.27303009
28.48847315
26.35585611
24.67856241
22.71682127
21.60679923
21.13126253
20.52132216
19.64733542
19.07117182
18.47631845
18.07959728
17.49034206
17.0197599
16.12408204
15.04796542
13.72420265
12.17551956
10.47880595
9.074427982
8.191290096
7.715873295
7.112810258
6.880170103
6.835955231
6.218239351
5.378545716
5.027711366
5.065040992
4.590703538
4.221430619
4.137675891
3.655069656
3.582772018
3.241509562
3.085176428
3.031835223
2.88924971
2.757568332
2.628087344
2.49534906
2.366098382
2.208300207
2.121965514
2.0720259
2.034651498
2.002846789
1.982399907
1.965719408
1.941173257
1.919543554
1.878559733
1.835790158
1.777044435
1.683546309
1.532548466
1.355664615
1.154632511
0.9514808098
0.8586656546
0.8228294522
0.8272686852
0.8402740427
0.932020432
1.023831638
1.001553704
