0.005418324196
0.006636068497
0.007167564779
0.007025592945
0.006736860159
0.006429619579
0.006134363903
0.005857402485
0.005597776382
0.005348778974
0.005110876896
0.004681964879
0.004317677618
0.004020008938
0.003787248403
0.00360298188
0.00338352494
0.003205138115
0.003010772314
0.002834890257
0.002677423133
0.00252061771
0.00236703582
0.002215666706
0.002072480699
0.001958307795
0.001837401628
0.001730628888
0.001630401882
0.001531475889
0.001441401521
0.001356122496
0.001272148467
0.001197403488
0.001126308562
0.001058223918
0.0009952281041
0.0009340396773
0.0008780229069
0.0008249939427
0.0007749596114
0.0007288308346
0.0006878557693
0.0006491228108
0.0006132794875
0.0005784435289
0.0005453641699
0.0005156053263
0.0004914459672
0.0004739163816
0.0004616676684
0.0004550335799
0.0004525087782
0.0004549723483
0.0004610997017
0.0004735874702
0.0004931817976
0.0005204444504
0.0005535473859
0.0005934363993
0.0006396833125
0.0006922780664
0.0007527107222
0.0008237348488
0.0009068396515
0.001002763262
0.001110916815
0.001230287874
0.00136343718
0.00151175814
0.001675793676
0.001855760509
0.002048454888
0.002252113367
0.002464126445
0.002688484421
0.002924702415
0.003168630198
0.003416583883
0.003670950555
0.003932507137
0.004205019008
0.004503532053
0.004845430208
0.005250777715
0.005746123621
0.006301229348
0.006822236425
0.007309098337
0.007811461654
0.00834521034
