0.02607658406
0.01594574079
0.01226822152
0.01028511821
0.009013172977
0.008113371025
0.007435484819
0.006901930049
0.006468244544
0.006106947142
0.005800047295
0.005303719472
0.004916638758
0.004604001178
0.00434474323
0.004125282923
0.003851364607
0.003626352434
0.003380684218
0.00317990715
0.003011886114
0.00283599634
0.00266184491
0.002495503079
0.002340255252
0.002211977501
0.002079211516
0.001959065793
0.001850568679
0.00173902712
0.001641499008
0.001550980769
0.001464098943
0.001385819035
0.001310293218
0.001239403587
0.001175754568
0.001115925259
0.00106072104
0.00100947893
0.000961878659
0.0009177770273
0.0008775998061
0.0008406056559
0.0008067735753
0.0007757809239
0.0007474712583
0.0007220948219
0.0006991267154
0.0006785438814
0.0006602158462
0.0006441195149
0.0006299963382
0.0006178878383
0.0006076799022
0.0005992814716
0.0005926546006
0.0005877252547
0.0005844883627
0.000582905907
0.0005829672961
0.0005846702882
0.0005880325504
0.0005930753281
0.0005998376696
0.0006083638982
0.0006187189102
0.000630966243
0.0006451995971
0.0006614887271
0.0006799487436
0.0007006915322
0.0007238211325
0.000749479299
0.0007778028277
0.0008089257709
0.0008430129931
0.0008802254734
0.0009207385991
0.0009647446322
0.001012426985
0.001064001094
0.001119695581
0.001179741554
0.001244390057
0.00131391532
0.001388596099
0.001468745375
0.001554687948
0.001646766055
0.001745360392
