0.03249833727
0.0179054153
0.0130147914
0.01055451135
0.009069057105
0.008072650285
0.007356750411
0.006816873702
0.006394837253
0.006055640993
0.005776950432
0.005345918329
0.00502794719
0.004783723599
0.004590343236
0.004433538901
0.004247277296
0.004102675747
0.003954169719
0.003840682555
0.003751646758
0.00366476876
0.003585774979
0.003517627199
0.003461329851
0.003420896215
0.00338574436
0.003360773755
0.003344812139
0.003336189785
0.003336457096
0.003344655129
0.003361354176
0.003385545058
0.003419116874
0.00346208829
0.003512593555
0.003573086927
0.003643098819
0.00372362653
0.003815591943
0.003919784164
0.004035262861
0.004164122443
0.00430667715
0.004464541391
0.004639011204
0.004828350242
0.005036159206
0.005262860134
0.00550984753
0.005776970587
0.006068341086
0.006382976057
0.006722876733
0.007090453752
0.007486573213
0.007915188055
0.008376027764
0.008872561498
0.009407409131
0.009982504678
0.01060256734
0.01126999505
0.01198899314
0.01276344049
0.01359859241
0.01449923094
0.01547225101
0.01652295709
0.01765993664
0.01889187955
0.0202276622
0.02167918022
0.02325904308
0.02498099958
0.02686205095
0.02892081696
0.03117888356
0.03366132537
0.03639567405
0.03941469964
0.04275592472
0.04646157739
0.05058029681
0.05516816074
0.06028833352
0.06601402323
0.07242809788
0.07962463501
0.08771198872
