208.7099533
302.598912
350.6888034
359.4114335
348.9632777
331.7190127
313.5214694
296.5842151
281.6170315
268.7410247
257.6258194
239.1800639
231.5661646
218.8243173
208.2490395
198.8053371
186.2788254
179.1607564
166.5250544
158.2135775
148.9638035
139.6688833
132.392626
125.938901
119.2388705
113.5241752
107.5072507
101.6921468
95.53336525
90.54488038
84.64357975
78.79756805
70.72504432
63.39758725
57.29791296
52.21889556
47.08635681
44.61876967
45.91158103
46.60306864
45.88775998
46.44769436
46.50720092
46.60714551
47.00048504
47.21332126
46.95083127
44.63916164
41.86371299
36.95873109
31.24968128
24.44626993
18.99373546
15.52510364
14.51719448
13.48173
13.89719136
15.8463376
14.52166684
10.40073056
8.898741908
9.611015267
10.63702326
8.227747977
8.337709781
8.578425237
7.379942165
7.888981206
7.135907179
6.764963195
6.931521722
6.799422985
6.542105618
6.332136908
5.947306073
5.468125263
5.261845931
4.679005162
4.272515261
4.238258647
4.289722094
4.334741033
4.248828141
4.043332263
3.766938209
3.414797253
3.1015376
2.778543722
2.432477807
2.198228227
