914.3003929
621.88587
500.8974537
430.7909717
383.6976147
349.2846839
322.7269547
301.4305517
283.8609445
269.0447713
256.3309321
235.5200144
219.0763719
205.6595696
194.4423556
184.8828944
172.8693058
162.9328693
152.0145694
143.0371519
135.4865033
127.5446439
119.6423685
112.0568596
104.9422747
99.03642122
92.8958153
87.31187493
82.24475509
77.00801859
72.40316254
68.1041544
63.95134408
60.18358677
56.52060583
53.0528627
49.90997519
46.92517598
44.13937891
41.52038008
39.05259398
36.72931668
34.57465641
32.5507929
30.65807993
28.88004348
27.20899202
25.66211535
24.21004789
22.85321813
21.58529178
20.40746396
19.30320595
18.27801629
17.32540224
16.43949267
15.61896529
14.85681869
14.15455412
13.50746191
12.9132595
12.37087984
11.87736956
11.43276229
11.03646968
10.68911945
10.39182037
10.14717178
9.958639745
9.831625336
9.772729594
9.790558804
9.895465492
10.09966238
10.41702132
10.86266967
11.4532389
12.20630456
13.14065701
14.27663482
15.63582059
17.24261466
19.12443826
21.31197561
23.84039231
26.750224
30.08732623
33.90490237
38.26338947
43.23155636
48.88869595
