0.02286672392
0.01615735061
0.01319088908
0.01142408447
0.0102190368
0.009329885652
0.008639081312
0.008082412213
0.007621444904
0.007231582731
0.006896256482
0.006345913388
0.005909886478
0.005553427154
0.005254975755
0.005000353075
0.004680043873
0.0044148878
0.004123342364
0.003883517661
0.003681765899
0.003469552716
0.003258427294
0.003055836968
0.002865934344
0.002708414887
0.002544792112
0.002396185502
0.002261526643
0.002122604095
0.002000699089
0.001887156188
0.001777771447
0.001678834822
0.001582986398
0.001492614973
0.001411080517
0.00133403724
0.001262537729
0.001195743855
0.001133251034
0.001074881755
0.001021220578
0.0009712999602
0.0009251067657
0.0008822145135
0.0008424144957
0.0008060787855
0.0007724761642
0.000741580039
0.0007132034937
0.0006873238974
0.0006635289082
0.0006418859686
0.0006221993843
0.000604289721
0.0005880699812
0.0005733407885
0.0005600681629
0.0005480971672
0.0005373194623
0.0005276473735
0.0005189578248
0.0005111777729
0.0005042181551
0.0004980042107
0.0004924596231
0.0004875214391
0.0004831240696
0.0004792180669
0.0004757484007
0.0004726693422
0.0004699414318
0.0004675255066
0.0004653884218
0.0004635011656
0.0004618365658
0.0004603714882
0.0004590854782
0.0004579607415
0.0004569826485
0.0004561386549
0.0004554189354
0.000454816519
0.0004543271877
0.0004539498035
0.000453686823
0.0004535447139
0.000453534833
0.0004536743781
0.0004539877564
