0.005013149694
0.01002629939
0.01503944908
0.02005259878
0.02506574847
0.03007889816
0.03509204786
0.04010519755
0.04511834725
0.05013149694
0.05514464663
0.06517094602
0.07519724541
0.0852235448
0.09524984419
0.1052761436
0.1203155927
0.1353550417
0.1554076405
0.1754602393
0.1955128381
0.2205785865
0.2506574847
0.2857495326
0.3258547301
0.3659599277
0.4160914246
0.4712360712
0.5313938676
0.606591113
0.6868015081
0.7770382026
0.8823143461
0.9976167891
1.132971831
1.288379471
1.458826561
1.654339399
1.874917986
2.12557547
2.411325003
2.737179733
3.103139661
3.519231085
3.990467156
4.526874174
5.138478436
5.825279944
6.607331297
7.494658793
8.502301881
9.640286862
10.93869263
12.40754549
14.07191119
15.96186863
18.10248355
20.5388743
23.29610663
26.42431204
29.97362202
33.99416807
38.56114745
43.73973108
49.61514252
56.27761846
63.8374482
72.40993418
82.14045774
93.16938706
105.6822087
119.8794486
135.9766723
154.2395766
174.9589243
198.4555569
225.1104739
255.3447797
289.6397367
328.5467915
372.6725351
422.7238216
479.5027551
543.9066892
616.9583065
699.825671
793.8172146
900.4368823
1021.379119
1158.558947
1314.172127
