328.5044251
214.3008005
169.7985899
144.7561118
128.2271599
116.290042
107.1550801
99.87615606
93.9006405
88.88150931
84.5885193
77.58793737
72.07844475
67.59658177
63.85825162
60.67836054
56.68946378
53.39605494
49.78284276
46.81602379
44.32335449
41.70392513
39.09976004
36.60182689
34.26039091
32.31763041
30.29831974
28.46249951
26.79680128
25.07538466
23.56155158
22.14800007
20.78211236
19.54236273
18.33644984
17.19404306
16.15782054
15.17278715
14.25240193
13.38600367
12.56840329
11.79734587
11.08083463
10.40630522
9.773872079
9.178028485
8.61618158
8.094138471
7.602022985
7.139984632
6.705884091
6.300167766
5.917163515
5.558794744
5.222837544
4.90724595
4.611568524
4.333277294
4.072899783
3.828656591
3.599587596
3.385125332
3.183836861
2.99532066
2.818727314
2.653458838
2.498768169
2.354159562
2.218943138
2.092801154
1.975127188
1.865491415
1.763572639
1.668946589
1.581302206
1.500389997
1.425933273
1.357728757
1.295596817
1.239385136
1.188998648
1.144346323
1.105369381
1.07204184
1.044351923
1.022299634
1.00589786
0.9951582561
0.9900932021
0.990709093
0.9970052573
