0.007951227343
0.009737921126
0.01039801378
0.009915454786
0.009188750042
0.008483203168
0.007876671313
0.007382679035
0.006983860026
0.006647441157
0.006354539592
0.005864767454
0.005457233052
0.005113587484
0.004822200523
0.004588968748
0.004307673298
0.004086253672
0.003838236743
0.003626178908
0.003447465063
0.003268068633
0.003091286925
0.002925117659
0.002769946147
0.002643148137
0.00251007329
0.00239115899
0.002280483158
0.00217075139
0.002071429087
0.001979006767
0.001893696691
0.00181734541
0.001745277312
0.001675059267
0.001614006549
0.001552327741
0.001490382792
0.001429096747
0.001369438019
0.001311557671
0.001253119025
0.001199021565
0.001148687444
0.00110091086
0.001058595632
0.001022898951
0.0009881471098
0.0009506683544
0.0009129963038
0.00087260637
0.0008309810833
0.0007928057385
0.0007612587378
0.0007319486823
0.0007019781724
0.0006754179762
0.0006463630076
0.0006202620296
0.000594688036
0.0005735407581
0.000557119765
0.0005422867716
0.0005274961025
0.0005102903607
0.0004903127505
0.0004648219611
0.0004399419998
0.0004181192141
0.0003989712103
0.0003854386794
0.0003754598572
0.0003699035057
0.0003701581627
0.0003807534107
0.0003998070472
0.0004292600801
0.0004642066318
0.000501873961
0.0005401374541
0.0005675225204
0.0005820035688
0.0005865476878
0.0005564971508
0.0004993781158
0.000429511905
0.0003936379982
0.000353080537
0.0003068732596
0.0003246202499
