329.7096072
219.2813433
171.521732
139.8363802
121.1145959
109.4733842
101.1508319
93.67169089
87.89503856
83.15025863
79.03422414
72.23801126
67.11505995
62.9042809
59.22384311
56.24918433
52.58550907
49.56597592
46.42368831
43.91781438
41.73362854
39.53308727
37.29526659
35.08154513
32.88174315
30.77710165
28.51612878
26.47642848
24.73384695
22.93386179
21.63329139
20.63351637
19.70411638
18.76841441
17.86285315
16.90627832
16.22159153
15.53379102
14.92801482
14.12358961
13.28217966
12.26911022
11.17242623
10.01174178
9.029249105
8.321900976
7.825471821
7.357674864
7.056902674
6.793710227
6.23651078
5.646825145
5.305557782
5.165904929
4.832639971
4.576762137
4.432492336
4.074013194
3.911168743
3.642858168
3.44735254
3.314597003
3.207511592
3.129053333
3.029835369
2.915009833
2.799445701
2.644836288
2.471056542
2.30963814
2.210015125
2.117555618
2.076645426
2.047432898
2.036981739
2.01797462
1.97830075
1.878455741
1.757355847
1.669650279
1.61952864
1.59454111
1.617459754
1.671565233
1.738268512
1.874151048
2.058012503
2.27956776
2.553019269
2.889473776
3.113850551
