0.02731144731
0.01607338272
0.01211622119
0.01002916917
0.008712707689
0.00779338732
0.007107894325
0.006572856259
0.006140976145
0.005783280721
0.005480952103
0.00499496471
0.004618465484
0.004315963442
0.0040661676
0.003855449805
0.003593360902
0.003378803767
0.003145278877
0.002954965144
0.002796054228
0.002630028171
0.002465952564
0.002309501728
0.002163701045
0.002043372099
0.001918955141
0.001806459556
0.001704937932
0.0016006238
0.001509453747
0.001424862736
0.001343689402
0.001270567031
0.001200030513
0.001133839317
0.001074428538
0.001018611293
0.0009671491877
0.0009194370198
0.0008751935384
0.0008343066252
0.0007971928331
0.0007631916127
0.0007323130469
0.0007042957848
0.000679037786
0.0006567972672
0.0006371504646
0.0006201234308
0.0006056533117
0.0005937624617
0.000584307002
0.0005773641887
0.0005729041868
0.0005709297139
0.0005714716052
0.0005745830989
0.0005803108934
0.0005887422445
0.0005999818351
0.000614134278
0.0006313934676
0.0006519183004
0.0006759404816
0.0007037077295
0.0007355447648
0.0007717901805
0.0008129012617
0.0008593053424
0.0009116108728
0.0009704793361
0.001036626022
0.001110964133
0.001194500009
0.001288354457
0.001393882449
0.001512591439
0.00164622022
0.001796776348
0.001966476949
0.002157921774
0.002374071222
0.002618245126
0.002894235724
0.00320638137
0.003559545947
0.003959324727
0.004412023614
0.004924770603
0.005505739237
